              precision    recall  f1-score   support

           0       0.98      0.99      0.98       982
           1       0.99      0.99      0.99      1137
           2       0.97      0.97      0.97      1034
           3       0.96      0.98      0.97      1012
           4       0.99      0.97      0.98       984
           5       0.96      0.98      0.97       894
           6       0.98      0.98      0.98       960
           7       0.99      0.95      0.97      1030
           8       0.97      0.96      0.97       976
           9       0.96      0.98      0.97      1011

    accuracy                           0.98     10020
   macro avg       0.98      0.98      0.98     10020
weighted avg       0.98      0.98      0.98     10020
